A table of all positive numbers: 1 2 3 4 5 6 7 8 9 10 11 ...
can also be represented as (its start value, 1 and) a list of offsets:
+1 +1 +1 +1 +1 +1 +1... Note that this repeats after one sequence and could be written as { +1 }.

If we remove all even numbers from that table, we get: 1 3 5 7 9 11 13 ...
which can be written as { +2 }. Note that +2 is 2 times +1.

If we remove all numbers from that table that can be devided by 3, we get: 1 5 7 11 13 17 19 23 25 29...
which can be written as { +4 +2 }. Note that the sum +4 +2 = 6 = 3 * +2.

If we remove all numbers from that table that can be devided by 5, we get:
 1 7 11 13 17 19 23 29 31 37 41 43 47 49 53 59 61 67 71 73 77 79 83 89 91 97 101 103 107 109 113 119 121
which can be written as { +6 +4 +2 +4 +2 +4 +6 +2 }. Note that the sum +6 +4 +2 +4 +2 +4 +6 +2 = 5 * 6.

If we also remove all numbers that can be divided by 7, we get:
{ +10 +2 +4 +2 +4 +6 +2 +6 +4 +2 +4 +6 +6 +2 +6 +4 +2 +6 +4 +6 +8 +4 +2 +4 +2 +4 +8 +6 +4 +6 +2 +4 +6 +2 +6 +6 +4 +2 +4 +6 +2 +6 +4 +2 +4 +2 +10 +2 }

And after removing all numbers that can be divided by 11, we get:
{ +12 +4 +2 +4 +6 +2 +6 +4 +2 +4 +6 +6 +2 +6 +4 +2 +6 +4 +6 +8 +4 +2 +4 +2 +4 +14 +4 +6 +2 +10 +2 +6 +6 +4 +2 +4 +6 +2 +10 +2 +4 +2 +12 +10 +2 +4 +2 +4 +6 +2 +6 +4 +6 +6 +6 +2 +6 +4 +2 +6 +4 +6 +8 +4 +2 +4 +6 +8 +6 +10 +2 +4 +6 +2 +6 +6 +4 +2 +4 +6 +2 +6 +4 +2 +6 +10 +2 +10 +2 +4 +2 +4 +6 +8 +4 +2 +4 +12 +2 +6 +4 +2 +6 +4 +6 +12 +2 +4 +2 +4 +8 +6 +4 +6 +2 +4 +6 +2 +6 +10 +2 +4 +6 +2 +6 +4 +2 +4 +2 +10 +2 +10 +2 +4 +6 +6 +2 +6 +6 +4 +6 +6 +2 +6 +4 +2 +6 +4 +6 +8 +4 +2 +6 +4 +8 +6 +4 +6 +2 +4 +6 +8 +6 +4 +2 +10 +2 +6 +4 +2 +4 +2 +10 +2 +10 +2 +4 +2 +4 +8 +6 +4 +2 +4 +6 +6 +2 +6 +4 +8 +4 +6 +8 +4 +2 +4 +2 +4 +8 +6 +4 +6 +6 +6 +2 +6 +6 +4 +2 +4 +6 +2 +6 +4 +2 +4 +2 +10 +2 +10 +2 +6 +4 +6 +2 +6 +4 +2 +4 +6 +6 +8 +4 +2 +6 +10 +8 +4 +2 +4 +2 +4 +8 +10 +6 +2 +4 +8 +6 +6 +4 +2 +4 +6 +2 +6 +4 +6 +2 +10 +2 +10 +2 +4 +2 +4 +6 +2 +6 +4 +2 +4 +6 +6 +2 +6 +6 +6 +4 +6 +8 +4 +2 +4 +2 +4 +8 +6 +4 +8 +4 +6 +2 +6 +6 +4 +2 +4 +6 +8 +4 +2 +4 +2 +10 +2 +10 +2 +4 +2 +4 +6 +2 +10 +2 +4 +6 +8 +6 +4 +2 +6 +4 +6 +8 +4 +6 +2 +4 +8 +6 +4 +6 +2 +4 +6 +2 +6 +6 +4 +6 +6 +2 +6 +6 +4 +2 +10 +2 +10 +2 +4 +2 +4 +6 +2 +6 +4 +2 +10 +6 +2 +6 +4 +2 +6 +4 +6 +8 +4 +2 +4 +2 +12 +6 +4 +6 +2 +4 +6 +2 +12 +4 +2 +4 +8 +6 +4 +2 +4 +2 +10 +2 +10 +6 +2 +4 +6 +2 +6 +4 +2 +4 +6 +6 +2 +6 +4 +2 +10 +6 +8 +6 +4 +2 +4 +8 +6 +4 +6 +2 +4 +6 +2 +6 +6 +6 +4 +6 +2 +6 +4 +2 +4 +2 +10 +12 +2 +4 +2 +10 +2 +6 +4 +2 +4 +6 +6 +2 +10 +2 +6 +4 +14 +4 +2 +4 +2 +4 +8 +6 +4 +6 +2 +4 +6 +2 +6 +6 +4 +2 +4 +6 +2 +6 +4 +2 +4 +12 +2 }

Analysing this, we note the following:

    2    3    5    7    11    13   17    19    23    29   31
 +1   +1   +2   +2   +4    +2   +4    +2    +4    +6   +2
    |    |    |    |    |
    `-+1 |    |    |    |
1   { +1 }    |    |    |
         |    |    |    |
         `-+2 |    |    |
2        { +2 }    |    |
	      |    |    |
             +4    |    |
3          { +4 +2 }    |
	           |    |
		  +6    |
5		{ +6 +4    +2    +4    +2    +4    +6    +2 }
		        |
		      +10
7                   { +10  +2    +4    +2    +4    +6    +2
